shape_id,shape_pt_lat,shape_pt_lon,shape_pt_sequence,shape_dist_traveled
SB00010,13.72148891647154,100.5306860236046,1,
SB00010,13.71737754540575,100.5327025386936,2,
SB00010,13.71248439867996,100.5351424397474,3,
SB00010,13.70722918880836,100.5377741658545,4,
SB00010,13.70483563005709,100.5390710025571,5,
SB00010,13.70266239016032,100.5403359338179,6,
SB00010,13.69925609704547,100.5427506895282,7,
SB00010,13.69817806617053,100.5436594847278,8,
SB00010,13.69654190005409,100.5453861282755,9,
SB00010,13.69530931853643,100.5470663892937,10,
SB00010,13.69278807939153,100.5475104703276,11,
SB00010,13.69197677282426,100.5474943010295,12,
SB00010,13.68936827661345,100.5476745830219,13,
SB00010,13.68895123702373,100.5477976502927,14,
SB00010,13.68242552367981,100.5480765442098,15,
SB00010,13.6803091752271,100.5476807603109,16,
SB00010,13.67856025360245,100.5470369083395,17,
SB00010,13.67725852221956,100.5463085568958,18,
SB00010,13.67658680841536,100.5458308249831,19,
SB00010,13.67609763693765,100.5454841511172,20,
SB00010,13.67600941964182,100.545352046072,21,
SB00010,13.67527159032341,100.544732825246,22,
SB00010,13.67467795597469,100.5440557342332,23,
SB00010,13.67413309297243,100.54325532893,24,
SB00010,13.67316582869,100.5413507402655,25,
SB00010,13.6730936428466,100.5410615483652,26,
SB00010,13.67296538570454,100.5404508248197,27,
SB00010,13.6729413832665,100.5397131805915,28,
SB00010,13.67296560462628,100.5386319102334,29,
SB00010,13.67306189436613,100.5379464822819,30,
SB00010,13.67320634896517,100.5372658170719,31,
SB00010,13.67355940723982,100.5364578989116,32,
SB00010,13.6741050783134,100.5352607134752,33,
SB00010,13.67461054745968,100.5341627009335,34,
SB00010,13.67547168705084,100.5329133317134,35,
SB00010,13.67653092065555,100.5315755046385,36,
SB00010,13.67667363860796,100.5313641567546,37,
SB00010,13.677997590329,100.5299518653065,38,
SB00010,13.68117996998008,100.5267081963035,39,
SB00010,13.68130764747171,100.5266018600203,40,
SB00010,13.68145429762137,100.526403764937,41,
SB00010,13.68223243949518,100.5253727548241,42,
SB00010,13.683524530338,100.5237612273625,43,
SB00010,13.68368077569303,100.5234599581975,44,
SB00010,13.68525288223693,100.5209925795947,45,
SB00010,13.68584011085727,100.5200638802989,46,
SB00010,13.68623330618983,100.5194526977534,47,
SB00010,13.68733913779238,100.5172423614797,48,
SB00010,13.68751705914184,100.5169410627679,49,
SB00010,13.68774229138459,100.5164887919159,50,
SB00010,13.68810435321102,100.5154222020093,51,
SB00010,13.68894978303165,100.5127843044299,52,
SB00010,13.68913342677795,100.5119520974958,53,
SB00010,13.6893509837073,100.5110278640689,54,
SB00010,13.68950294431182,100.5093535306835,55,
SB00010,13.68967218893446,100.5063521471034,56,
SB00010,13.68977675552161,100.5059381388018,57,
SB00010,13.68984820753894,100.5051627754113,58,
SB00010,13.68992079803226,100.5049332025622,59,
SB00010,13.69013484207517,100.5042216969593,60,
SB00010,13.69048776000189,100.5034704140582,61,
SB00010,13.6910227063634,100.5027300207099,62,
SB00010,13.69386372042185,100.5000037207065,63,
SB00010,13.69880503387235,100.4953764172567,64,
SB00010,13.69941078715585,100.4945219031931,65,
SB00010,13.70097469041576,100.4919114172339,66,
SB00010,13.70324141709739,100.4879559025546,67,
SB00010,13.70630924438913,100.4828229997251,68,
SB00010,13.70680141027317,100.4821419091581,69,
SB00010,13.70784400229238,100.4810188553332,70,
SB00010,13.70899107358769,100.4801269476992,71,
SB00010,13.71001851614371,100.4795731549482,72,
SB00010,13.7116029966854,100.4789867583959,73,
SB00010,13.71315392257831,100.4786309727856,74,
SB00010,13.71459771243369,100.4783508362537,75,
SB00010,13.71560442137938,100.478160760892,76,
SB00010,13.7161317132323,100.4792212677868,77,
SB00011,13.71607324601282,100.4792972534623,79,
SB00011,13.71573965432019,100.4785340841491,78,
SB00011,13.71559153149162,100.4785483451427,77,
SB00011,13.71549132613667,100.4786517565623,76,
SB00011,13.71552025553834,100.4789110780649,75,
SB00011,13.71520407879891,100.4785104644629,74,
SB00011,13.71479440318558,100.478472528354,73,
SB00011,13.71181373003979,100.4791004232566,72,
SB00011,13.71106673288867,100.4793286492568,71,
SB00011,13.71020918626909,100.4796457282116,70,
SB00011,13.70954081496578,100.4799605704202,69,
SB00011,13.70864692274404,100.4805516104047,68,
SB00011,13.70794643450226,100.4811571595688,67,
SB00011,13.70710992832623,100.4820000037564,66,
SB00011,13.7067274687584,100.4824484859183,65,
SB00011,13.70311710346155,100.4885672808303,64,
SB00011,13.70185388378371,100.4910764446545,63,
SB00011,13.70085664275838,100.4929111673301,62,
SB00011,13.7002051270046,100.4938371957228,61,
SB00011,13.69905091118549,100.4951797719533,60,
SB00011,13.69810873884439,100.496207686156,59,
SB00011,13.69600445622844,100.4983291520333,58,
SB00011,13.69403181199888,100.5001550506841,57,
SB00011,13.69130992884039,100.5027033205482,56,
SB00011,13.69057361419251,100.5037867740566,55,
SB00011,13.69031994357841,100.5043420012125,54,
SB00011,13.68992428616079,100.5060056632702,53,
SB00011,13.68985976930513,100.5080415495679,52,
SB00011,13.6896277923879,100.5107488796513,51,
SB00011,13.68915401085184,100.5127552114435,50,
SB00011,13.68827338433716,100.5155033362075,49,
SB00011,13.6880251703677,100.5162888009171,48,
SB00011,13.68771027120161,100.5169693167859,47,
SB00011,13.68645014816993,100.5195945358402,46,
SB00011,13.68544853238541,100.5211932563078,45,
SB00011,13.68374419865629,100.5237456651452,44,
SB00011,13.68243136236949,100.5254447881665,43,
SB00011,13.67910583513015,100.5291480448899,42,
SB00011,13.67667979602582,100.5316431255813,41,
SB00011,13.67618197661761,100.5322517956422,40,
SB00011,13.67548258388631,100.5332369083916,39,
SB00011,13.67476539034104,100.534303056954,38,
SB00011,13.67406183635954,100.5358330008753,37,
SB00011,13.67347518643519,100.537237083826,36,
SB00011,13.67327309595673,100.5380079004261,35,
SB00011,13.67317526090605,100.5389493323887,34,
SB00011,13.67319816625837,100.5405185433138,33,
SB00011,13.67337925350785,100.5413509594133,32,
SB00011,13.67431651394444,100.5431910028678,31,
SB00011,13.67537685803231,100.544574953486,30,
SB00011,13.67672843433213,100.5456000132206,29,
SB00011,13.6790693048682,100.5469869400938,28,
SB00011,13.68053083888792,100.5474243900514,27,
SB00011,13.68286551968152,100.5477795102465,26,
SB00011,13.6835284608389,100.5478164930881,25,
SB00011,13.685890490957,100.5477059156146,24,
SB00011,13.68886409549143,100.5475148913442,23,
SB00011,13.68914293406207,100.5475604886116,22,
SB00011,13.6919152177986,100.547379176122,21,
SB00011,13.69234948197011,100.5472445844169,20,
SB00011,13.69380460953058,100.5471137053127,19,
SB00011,13.69465005120131,100.5469445282966,18,
SB00011,13.69494646843264,100.5468557015968,17,
SB00011,13.69521617779789,100.5467123977276,16,
SB00011,13.6953645102777,100.5465066152097,15,
SB00011,13.69626534073406,100.5452269155699,14,
SB00011,13.69703318510484,100.5443273417816,13,
SB00011,13.69825647016931,100.5431464763175,12,
SB00011,13.70032588757723,100.5415598971518,11,
SB00011,13.70333975300994,100.5395586586898,10,
SB00011,13.70467247885869,100.5387944495029,9,
SB00011,13.70774109956567,100.5371808521707,8,
SB00011,13.71095528731085,100.5355806848738,7,
SB00011,13.71237251557238,100.5348835777962,6,
SB00011,13.71424113469501,100.5339173770854,5,
SB00011,13.71677532430693,100.5326537707041,4,
SB00011,13.7172282147071,100.5324234590752,3,
SB00011,13.72003640540715,100.5310296688161,2,
SB00011,13.72139214029302,100.5303685724851,1,
SB00020,13.76355055623734,100.4940385081539,1,
SB00020,13.76044353383869,100.4900468751094,2,
SB00020,13.7559692393482,100.4869264503117,3,
SB00020,13.75653828331327,100.4886596560048,4,
SB00020,13.75247484105556,100.4877796158359,5,
SB00020,13.74850652949846,100.4882661439701,6,
SB00020,13.74625473042188,100.4898566720469,7,
SB00020,13.74384052373779,100.4911343494036,8,
SB00020,13.74157169199293,100.4932424998433,9,
SB00020,13.73954206406129,100.497495220256,10,
SB00020,13.73877268923778,100.5022725076884,11,
SB00020,13.73846998481706,100.5041727795399,12,
SB00020,13.73686325686226,100.5077220359902,13,
SB00020,13.73459111168157,100.5105358237285,14,
SB00020,13.73144580357207,100.5119063151353,15,
SB00020,13.72843526277168,100.5131896670709,16,
SB00020,13.72580941511801,100.5130994451813,17,
SB00020,13.72330435266876,100.5134998065581,18,
SB00020,13.71886430279525,100.5127065777368,19,
SB00021,13.76355055623734,100.4940385081539,19,
SB00021,13.76044353383869,100.4900468751094,18,
SB00021,13.7559692393482,100.4869264503117,17,
SB00021,13.75653828331327,100.4886596560048,16,
SB00021,13.75247484105556,100.4877796158359,15,
SB00021,13.74850652949846,100.4882661439701,14,
SB00021,13.74625473042188,100.4898566720469,13,
SB00021,13.74384052373779,100.4911343494036,12,
SB00021,13.74157169199293,100.4932424998433,11,
SB00021,13.73954206406129,100.497495220256,10,
SB00021,13.73877268923778,100.5022725076884,9,
SB00021,13.73846998481706,100.5041727795399,8,
SB00021,13.73686325686226,100.5077220359902,7,
SB00021,13.73459111168157,100.5105358237285,6,
SB00021,13.73144580357207,100.5119063151353,5,
SB00021,13.72843526277168,100.5131896670709,4,
SB00021,13.72580941511801,100.5130994451813,3,
SB00021,13.72330435266876,100.5134998065581,2,
SB00021,13.71886430279525,100.5127065777368,1,
SB00030,13.9153378473871,100.4946370034163,1,
SB00030,13.91506875363509,100.493136498834,2,
SB00030,13.91348433615104,100.4914400961176,3,
SB00030,13.91197621660493,100.491392803673,4,
SB00030,13.91061116775838,100.4918414127207,5,
SB00030,13.9091840033562,100.4914813606924,6,
SB00030,13.90689397375325,100.4912095999916,7,
SB00030,13.90574411721721,100.4910499021418,8,
SB00030,13.90525406897916,100.4913222013365,9,
SB00030,13.9030066045143,100.4905785297805,10,
SB00030,13.90042955178837,100.4894080755274,11,
SB00030,13.89767481855766,100.4905876449878,12,
SB00030,13.89394098939794,100.4904955622988,13,
SB00030,13.88910303916481,100.4882546599185,14,
SB00030,13.88303248047621,100.4845107931941,15,
SB00030,13.8824871513656,100.4825502057036,16,
SB00030,13.87758182217645,100.4785046995445,17,
SB00030,13.87442621364355,100.4767060651304,18,
SB00030,13.87109657217282,100.4763642618538,19,
SB00030,13.86408406279919,100.4774289606967,20,
SB00030,13.85711789683712,100.4783931171915,21,
SB00030,13.85334058471698,100.4807864374321,22,
SB00030,13.8503486704647,100.4850786869089,23,
SB00030,13.84838404874122,100.4881672307242,24,
SB00030,13.84573658337567,100.4896782570335,25,
SB00030,13.84208718525498,100.4911004366717,26,
SB00030,13.83968588652649,100.4913159067803,27,
SB00030,13.83424437313961,100.4943169164181,28,
SB00030,13.82690377193655,100.4993399015584,29,
SB00030,13.82132767450583,100.501411184733,30,
SB00030,13.81744179130762,100.5044602188066,31,
SB00030,13.81508941636379,100.5103103785937,32,
SB00030,13.81290712058624,100.5134997359235,33,
SB00030,13.81177438928934,100.5158345866398,34,
SB00030,13.80934854053078,100.5172175155448,35,
SB00030,13.80470157013716,100.5175601380431,36,
SB00030,13.79669545942444,100.5151445695729,37,
SB00030,13.7879210977593,100.5069958387678,38,
SB00030,13.78166500817317,100.5010447728711,39,
SB00030,13.77193687101043,100.5001916507084,40,
SB00030,13.76676518978449,100.4956472703863,41,
SB00030,13.76452371498571,100.4930188807179,42,
SB00030,13.76295240379512,100.4906543883365,43,
SB00030,13.75597262566692,100.4869696376027,44,
SB00030,13.75240050061984,100.4882751927849,45,
SB00030,13.74796889143414,100.4885674498201,46,
SB00030,13.74608745881751,100.4892748602856,47,
SB00030,13.743730355386,100.4911078132432,48,
SB00030,13.74095586593776,100.4941269935387,49,
SB00030,13.73978229418536,100.4966683817995,50,
SB00030,13.73877818951775,100.5005375206219,51,
SB00030,13.73854474349943,100.5042325041333,52,
SB00030,13.73592484389111,100.5089856615599,53,
SB00030,13.73455032019731,100.5105705549079,54,
SB00030,13.73147262133111,100.5119682211279,55,
SB00030,13.72843487454782,100.5131647535294,56,
SB00030,13.72314978870737,100.5130396021873,57,
SB00030,13.71893655124388,100.5127304811426,58,
SB00031,13.9153378473871,100.4946370034163,58,
SB00031,13.91506875363509,100.493136498834,57,
SB00031,13.91348433615104,100.4914400961176,56,
SB00031,13.91197621660493,100.491392803673,55,
SB00031,13.91061116775838,100.4918414127207,54,
SB00031,13.9091840033562,100.4914813606924,53,
SB00031,13.90689397375325,100.4912095999916,52,
SB00031,13.90574411721721,100.4910499021418,51,
SB00031,13.90525406897916,100.4913222013365,50,
SB00031,13.9030066045143,100.4905785297805,49,
SB00031,13.90042955178837,100.4894080755274,48,
SB00031,13.89767481855766,100.4905876449878,47,
SB00031,13.89394098939794,100.4904955622988,46,
SB00031,13.88910303916481,100.4882546599185,45,
SB00031,13.88303248047621,100.4845107931941,44,
SB00031,13.8824871513656,100.4825502057036,43,
SB00031,13.87758182217645,100.4785046995445,42,
SB00031,13.87442621364355,100.4767060651304,41,
SB00031,13.87109657217282,100.4763642618538,40,
SB00031,13.86408406279919,100.4774289606967,39,
SB00031,13.85711789683712,100.4783931171915,38,
SB00031,13.85334058471698,100.4807864374321,37,
SB00031,13.8503486704647,100.4850786869089,36,
SB00031,13.84838404874122,100.4881672307242,35,
SB00031,13.84573658337567,100.4896782570335,34,
SB00031,13.84208718525498,100.4911004366717,33,
SB00031,13.83968588652649,100.4913159067803,32,
SB00031,13.83424437313961,100.4943169164181,31,
SB00031,13.82690377193655,100.4993399015584,30,
SB00031,13.82132767450583,100.501411184733,29,
SB00031,13.81744179130762,100.5044602188066,28,
SB00031,13.81508941636379,100.5103103785937,27,
SB00031,13.81290712058624,100.5134997359235,26,
SB00031,13.81177438928934,100.5158345866398,25,
SB00031,13.80934854053078,100.5172175155448,24,
SB00031,13.80470157013716,100.5175601380431,23,
SB00031,13.79669545942444,100.5151445695729,22,
SB00031,13.7879210977593,100.5069958387678,21,
SB00031,13.78166500817317,100.5010447728711,20,
SB00031,13.77193687101043,100.5001916507084,19,
SB00031,13.76676518978449,100.4956472703863,18,
SB00031,13.76452371498571,100.4930188807179,17,
SB00031,13.76295240379512,100.4906543883365,16,
SB00031,13.75597262566692,100.4869696376027,15,
SB00031,13.75240050061984,100.4882751927849,14,
SB00031,13.74796889143414,100.4885674498201,13,
SB00031,13.74608745881751,100.4892748602856,12,
SB00031,13.743730355386,100.4911078132432,11,
SB00031,13.74095586593776,100.4941269935387,10,
SB00031,13.73978229418536,100.4966683817995,9,
SB00031,13.73877818951775,100.5005375206219,8,
SB00031,13.73854474349943,100.5042325041333,7,
SB00031,13.73592484389111,100.5089856615599,6,
SB00031,13.73455032019731,100.5105705549079,5,
SB00031,13.73147262133111,100.5119682211279,4,
SB00031,13.72843487454782,100.5131647535294,3,
SB00031,13.72314978870737,100.5130396021873,2,
SB00031,13.71893655124388,100.5127304811426,1,
SB00040,13.84206542354928,100.4911335017101,1,
SB00040,13.83999705125584,100.491224620258,2,
SB00040,13.83450471929676,100.4933745873549,3,
SB00040,13.83222472039773,100.493781901575,4,
SB00040,13.82970433271355,100.4967270615471,5,
SB00040,13.82647331550209,100.4991545197836,6,
SB00040,13.82243860159312,100.5007137430626,7,
SB00040,13.81926861146708,100.5024810488628,8,
SB00040,13.816587703304,100.5056908417355,9,
SB00040,13.81407444626665,100.5118269774953,10,
SB00040,13.81305062877318,100.5135612250803,11,
SB00040,13.81172526655399,100.5162054660132,12,
SB00040,13.80631067580795,100.5177762986693,13,
SB00040,13.7988192695661,100.5170527572702,14,
SB00040,13.79404792492962,100.5137188185421,15,
SB00040,13.78921380961108,100.5092091674259,16,
SB00040,13.78748209412875,100.5080676726032,17,
SB00040,13.78176648696473,100.5010871976846,18,
SB00040,13.77194127890446,100.5001545477438,19,
SB00040,13.76363772655859,100.4940387883364,20,
SB00040,13.76291244415402,100.4905033687634,21,
SB00040,13.75604027205509,100.4869692301246,22,
SB00040,13.75250016232196,100.4882594039485,23,
SB00040,13.75027563626912,100.4884266042952,24,
SB00040,13.74786383172939,100.4888523685697,25,
SB00040,13.74631099118197,100.4898617993999,26,
SB00040,13.7451499196672,100.4900161857808,27,
SB00040,13.74096311028952,100.4940578215377,28,
SB00040,13.73971340058595,100.4983949607093,29,
SB00040,13.73889381675022,100.5003613521579,30,
SB00040,13.73855981616416,100.5028077551909,31,
SB00040,13.73856941966097,100.5042534172161,32,
SB00040,13.7359438948838,100.5089744190173,33,
SB00040,13.73457883267311,100.5105608130114,34,
SB00040,13.73253595240285,100.5118649038353,35,
SB00040,13.72877743858697,100.5130478383495,36,
SB00040,13.72848428830033,100.5132591287016,37,
SB00040,13.72805196683496,100.5131860385242,38,
SB00040,13.72573996869665,100.5132097842607,39,
SB00040,13.72333718239467,100.5135035796333,40,
SB00040,13.72189356509873,100.5130001295676,41,
SB00040,13.71892945365723,100.5127671433985,42,
SB00040,13.71432989206792,100.5101447838705,43,
SB00040,13.70927419043104,100.5066944116807,44,
SB00040,13.70794001259288,100.5048555107948,45,
SB00040,13.70656053671386,100.5038157993873,46,
SB00041,13.84206542354928,100.4911335017101,46,
SB00041,13.83999705125584,100.491224620258,45,
SB00041,13.83450471929676,100.4933745873549,44,
SB00041,13.83222472039773,100.493781901575,43,
SB00041,13.82970433271355,100.4967270615471,42,
SB00041,13.82647331550209,100.4991545197836,41,
SB00041,13.82243860159312,100.5007137430626,40,
SB00041,13.81926861146708,100.5024810488628,39,
SB00041,13.816587703304,100.5056908417355,38,
SB00041,13.81407444626665,100.5118269774953,37,
SB00041,13.81305062877318,100.5135612250803,36,
SB00041,13.81172526655399,100.5162054660132,35,
SB00041,13.80629040018702,100.5177780101522,34,
SB00041,13.7988192695661,100.5170527572702,33,
SB00041,13.79404792492962,100.5137188185421,32,
SB00041,13.78921380961108,100.5092091674259,31,
SB00041,13.78748209412875,100.5080676726032,30,
SB00041,13.78176648696473,100.5010871976846,29,
SB00041,13.77194127890446,100.5001545477438,28,
SB00041,13.76363772655859,100.4940387883364,27,
SB00041,13.76291244415402,100.4905033687634,26,
SB00041,13.75604027205509,100.4869692301246,25,
SB00041,13.75250016232196,100.4882594039485,24,
SB00041,13.75027563626912,100.4884266042952,23,
SB00041,13.74786383172939,100.4888523685697,22,
SB00041,13.74631099118197,100.4898617993999,21,
SB00041,13.7451499196672,100.4900161857808,20,
SB00041,13.74096311028952,100.4940578215377,19,
SB00041,13.73971340058595,100.4983949607093,18,
SB00041,13.73889381675022,100.5003613521579,17,
SB00041,13.73855981616416,100.5028077551909,16,
SB00041,13.73856941966097,100.5042534172161,15,
SB00041,13.7359438948838,100.5089744190173,14,
SB00041,13.73457883267311,100.5105608130114,13,
SB00041,13.73253595240285,100.5118649038353,12,
SB00041,13.72877743858697,100.5130478383495,11,
SB00041,13.72848428830033,100.5132591287016,10,
SB00041,13.72805196683496,100.5131860385242,9,
SB00041,13.72573996869665,100.5132097842607,8,
SB00041,13.72333718239467,100.5135035796333,7,
SB00041,13.72189356509873,100.5130001295676,6,
SB00041,13.71892945365723,100.5127671433985,5,
SB00041,13.71432989206792,100.5101447838705,4,
SB00041,13.70927419043104,100.5066944116807,3,
SB00041,13.70794001259288,100.5048555107948,2,
SB00041,13.70656053671386,100.5038157993873,1,
SB00050,13.84207795960008,100.4911113858862,1,
SB00050,13.83994622520405,100.4914301062285,2,
SB00050,13.83423079529583,100.4943736273168,3,
SB00050,13.83286164151835,100.4963531181981,4,
SB00050,13.82855848889574,100.4966452961443,5,
SB00050,13.82796645755683,100.4980542433698,6,
SB00050,13.82447934089942,100.4988018645313,7,
SB00050,13.82368329321334,100.4999316929303,8,
SB00050,13.82295997304279,100.5011088020929,9,
SB00050,13.82231816411578,100.5020197061635,10,
SB00050,13.82202520805431,100.5021564549403,11,
SB00050,13.82096744676553,100.5022751733145,12,
SB00050,13.81965235177595,100.5027693812061,13,
SB00050,13.81857276902654,100.5036040010198,14,
SB00050,13.8181571925335,100.5042826035697,15,
SB00050,13.81791410017613,100.5049859733963,16,
SB00050,13.81766507093702,100.505518641027,17,
SB00050,13.81211872642286,100.5174053527983,18,
SB00050,13.80913380909973,100.5179598623444,19,
SB00050,13.80640894878806,100.5179456927899,20,
SB00050,13.79880611883831,100.5170090160991,21,
SB00050,13.79417013170409,100.5137238717358,22,
SB00050,13.79114994751598,100.5116110501533,23,
SB00050,13.78880663925351,100.5094953991352,24,
SB00050,13.78753497737138,100.5080707392859,25,
SB00050,13.78572185129323,100.5058915033436,26,
SB00050,13.78070003571919,100.5031115099887,27,
SB00050,13.77218072622541,100.5001025810754,28,
SB00050,13.77015665174072,100.4985099413925,29,
SB00050,13.76761544720903,100.4974799433847,30,
SB00050,13.76599500710956,100.4957152799263,31,
SB00050,13.76357181972315,100.4940312456339,32,
SB00050,13.76044531220686,100.4899526859906,33,
SB00050,13.75666358725992,100.4886674841621,34,
SB00050,13.75503621074,100.4880842800315,35,
SB00050,13.75245103272576,100.4881980784741,36,
SB00050,13.74895267093991,100.4885463121134,37,
SB00050,13.7463441750526,100.4898208973431,38,
SB00050,13.74388502261673,100.4912670265323,39,
SB00050,13.74161409815341,100.4939745738533,40,
SB00050,13.74113124895211,100.4942750625391,41,
SB00050,13.73987726013669,100.4968559775892,42,
SB00050,13.73970849904419,100.4983984904237,43,
SB00050,13.73914625969896,100.4996885752917,44,
SB00050,13.73834562049506,100.5033741661068,45,
SB00050,13.73854269442106,100.5042267708931,46,
SB00050,13.73806595075256,100.505078090155,47,
SB00050,13.73591517126963,100.508944043124,48,
SB00050,13.73434192212403,100.5107333698235,49,
SB00050,13.73250072545355,100.5118818019256,50,
SB00050,13.73055583138014,100.5124948122554,51,
SB00050,13.72877030472346,100.513062745587,52,
SB00050,13.72853928714125,100.5132922237333,53,
SB00050,13.72807795363273,100.5131455179423,54,
SB00050,13.72605275257911,100.5135397496805,55,
SB00050,13.72476435986423,100.5133270155394,56,
SB00050,13.72331396845592,100.5135459621372,57,
SB00050,13.72191342130619,100.5130533137576,58,
SB00050,13.71892000761302,100.5127678372948,59,
SB00050,13.71475610990411,100.5093977452731,60,
SB00050,13.71266033056727,100.5071765862645,61,
SB00050,13.70922759901171,100.506618331789,62,
SB00050,13.70802072466115,100.5048107037474,63,
SB00050,13.7065280585516,100.5038596735545,64,
SB00051,13.84207795960008,100.4911113858862,64,
SB00051,13.83994622520405,100.4914301062285,63,
SB00051,13.83423079529583,100.4943736273168,62,
SB00051,13.83286164151835,100.4963531181981,61,
SB00051,13.82855848889574,100.4966452961443,60,
SB00051,13.82796645755683,100.4980542433698,59,
SB00051,13.82447934089942,100.4988018645313,58,
SB00051,13.82368329321334,100.4999316929303,57,
SB00051,13.82295997304279,100.5011088020929,56,
SB00051,13.82231816411578,100.5020197061635,55,
SB00051,13.82202520805431,100.5021564549403,54,
SB00051,13.82096744676553,100.5022751733145,53,
SB00051,13.81965235177595,100.5027693812061,52,
SB00051,13.81857276902654,100.5036040010198,51,
SB00051,13.8181571925335,100.5042826035697,50,
SB00051,13.81791410017613,100.5049859733963,49,
SB00051,13.81766507093702,100.505518641027,48,
SB00051,13.81211872642286,100.5174053527983,47,
SB00051,13.80913380909973,100.5179598623444,46,
SB00051,13.80646003033519,100.5179465893376,45,
SB00051,13.79880611883831,100.5170090160991,44,
SB00051,13.79417013170409,100.5137238717358,43,
SB00051,13.79114994751598,100.5116110501533,42,
SB00051,13.78880663925351,100.5094953991352,41,
SB00051,13.78753497737138,100.5080707392859,40,
SB00051,13.78572185129323,100.5058915033436,39,
SB00051,13.78070003571919,100.5031115099887,38,
SB00051,13.77218072622541,100.5001025810754,37,
SB00051,13.77015665174072,100.4985099413925,36,
SB00051,13.76761544720903,100.4974799433847,35,
SB00051,13.76599500710956,100.4957152799263,34,
SB00051,13.76357181972315,100.4940312456339,33,
SB00051,13.76044531220686,100.4899526859906,32,
SB00051,13.75666358725992,100.4886674841621,31,
SB00051,13.75503621074,100.4880842800315,30,
SB00051,13.75245103272576,100.4881980784741,29,
SB00051,13.74895267093991,100.4885463121134,28,
SB00051,13.7463441750526,100.4898208973431,27,
SB00051,13.74388502261673,100.4912670265323,26,
SB00051,13.74161409815341,100.4939745738533,25,
SB00051,13.74113124895211,100.4942750625391,24,
SB00051,13.73987726013669,100.4968559775892,23,
SB00051,13.73970849904419,100.4983984904237,22,
SB00051,13.73914625969896,100.4996885752917,21,
SB00051,13.73834562049506,100.5033741661068,20,
SB00051,13.73854269442106,100.5042267708931,19,
SB00051,13.73806595075256,100.505078090155,18,
SB00051,13.73591517126963,100.508944043124,17,
SB00051,13.73434192212403,100.5107333698235,16,
SB00051,13.73250072545355,100.5118818019256,15,
SB00051,13.73055583138014,100.5124948122554,14,
SB00051,13.72877030472346,100.513062745587,13,
SB00051,13.72853928714125,100.5132922237333,12,
SB00051,13.72807795363273,100.5131455179423,11,
SB00051,13.72605275257911,100.5135397496805,10,
SB00051,13.72476435986423,100.5133270155394,9,
SB00051,13.72331396845592,100.5135459621372,8,
SB00051,13.72191342130619,100.5130533137576,7,
SB00051,13.71892000761302,100.5127678372948,6,
SB00051,13.71475610990411,100.5093977452731,5,
SB00051,13.71266033056727,100.5071765862645,4,
SB00051,13.70922759901171,100.506618331789,3,
SB00051,13.70802072466115,100.5048107037474,2,
SB00051,13.7065280585516,100.5038596735545,1,
SB00060,13.84205597235828,100.4911536982801,1,
SB00060,13.839998263318,100.4914171309767,2,
SB00060,13.83435506974646,100.4943873623624,3,
SB00060,13.82601344004137,100.5000122437722,4,
SB00060,13.82183120602446,100.5015994494347,5,
SB00060,13.8185589754653,100.5034925516288,6,
SB00060,13.81656579961496,100.5067154011398,7,
SB00060,13.81293152895193,100.5134971111386,8,
SB00060,13.81134358931843,100.5163123151888,9,
SB00060,13.80917938230523,100.5176856767122,10,
SB00060,13.80636747690983,100.5177447781348,11,
SB00060,13.79892224767561,100.5165011395104,12,
SB00060,13.79446689920421,100.5136967685797,13,
SB00060,13.78744310000879,100.5072482419752,14,
SB00060,13.78142609358638,100.5027248846153,15,
SB00060,13.77217471973145,100.5000884704396,16,
SB00060,13.76683513523616,100.495708014356,17,
SB00060,13.76299216628318,100.4907052707615,18,
SB00060,13.75598829422414,100.4869861388146,19,
SB00060,13.74959398922074,100.4877878996666,20,
SB00060,13.74542415762587,100.4895795334037,21,
SB00060,13.74158145875391,100.4932989939658,22,
SB00060,13.73973258159332,100.4967047144191,23,
SB00060,13.73901926792981,100.4998233140053,24,
SB00060,13.73848908451111,100.5042536227753,25,
SB00060,13.73570210609894,100.5090578993244,26,
SB00060,13.73413007507504,100.5107913090863,27,
SB00060,13.73147370504043,100.5121120659233,28,
SB00060,13.72842607209197,100.5130978379293,29,
SB00060,13.72338068900801,100.5130592906253,30,
SB00060,13.71890785878212,100.5127461446807,31,
SB00060,13.71191279672875,100.5082681628292,32,
SB00060,13.70687610887151,100.5022356252193,33,
SB00060,13.7005540719666,100.4929292420323,34,
SB00060,13.69779298807971,100.4906145911308,35,
SB00060,13.69615987528427,100.4902831078585,36,
SB00060,13.69428054868861,100.4906055431242,37,
SB00060,13.69129059606448,100.4926401440003,38,
SB00060,13.68502606445596,100.5004439712176,39,
SB00061,13.84205597235828,100.4911536982801,39,
SB00061,13.839998263318,100.4914171309767,38,
SB00061,13.83435506974646,100.4943873623624,37,
SB00061,13.82601344004137,100.5000122437722,36,
SB00061,13.82183120602446,100.5015994494347,35,
SB00061,13.8185589754653,100.5034925516288,34,
SB00061,13.81656579961496,100.5067154011398,33,
SB00061,13.81293152895193,100.5134971111386,32,
SB00061,13.81134358931843,100.5163123151888,31,
SB00061,13.80917938230523,100.5176856767122,30,
SB00061,13.806392692865,100.5177540798824,29,
SB00061,13.79892224767561,100.5165011395104,28,
SB00061,13.79446689920421,100.5136967685797,27,
SB00061,13.78744310000879,100.5072482419752,26,
SB00061,13.78142609358638,100.5027248846153,25,
SB00061,13.77217471973145,100.5000884704396,24,
SB00061,13.76683513523616,100.495708014356,23,
SB00061,13.76299216628318,100.4907052707615,22,
SB00061,13.75598829422414,100.4869861388146,21,
SB00061,13.74959398922074,100.4877878996666,20,
SB00061,13.74542415762587,100.4895795334037,19,
SB00061,13.74158145875391,100.4932989939658,18,
SB00061,13.73973258159332,100.4967047144191,17,
SB00061,13.73901926792981,100.4998233140053,16,
SB00061,13.73848908451111,100.5042536227753,15,
SB00061,13.73570210609894,100.5090578993244,14,
SB00061,13.73413007507504,100.5107913090863,13,
SB00061,13.73147370504043,100.5121120659233,12,
SB00061,13.72842607209197,100.5130978379293,11,
SB00061,13.72338068900801,100.5130592906253,10,
SB00061,13.71890785878212,100.5127461446807,9,
SB00061,13.71191279672875,100.5082681628292,8,
SB00061,13.70687610887151,100.5022356252193,7,
SB00061,13.7005540719666,100.4929292420323,6,
SB00061,13.69779298807971,100.4906145911308,5,
SB00061,13.69615987528427,100.4902831078585,4,
SB00061,13.69428054868861,100.4906055431242,3,
SB00061,13.69129059606448,100.4926401440003,2,
SB00061,13.68502606445596,100.5004439712176,1,
SB00070,13.76716362311845,100.6513746640326,1,
SB00070,13.76664287838585,100.6506645585295,2,
SB00070,13.76601180205471,100.6499385392073,3,
SB00070,13.76540846904006,100.6489085283352,4,
SB00070,13.7650436638344,100.6478217371703,5,
SB00070,13.76501259482505,100.6473723358569,6,
SB00070,13.76476273073553,100.6456698611279,7,
SB00070,13.76462846831013,100.6434328479867,8,
SB00070,13.76428746867308,100.641253269179,9,
SB00070,13.76403666308977,100.6390404991376,10,
SB00070,13.76385259453767,100.6370982313727,11,
SB00070,13.76350378403866,100.6347173624643,12,
SB00070,13.76343283495704,100.6335568001438,13,
SB00070,13.76271249463332,100.6276056388428,14,
SB00070,13.76217068165609,100.6236981159109,15,
SB00070,13.76207332987759,100.620974231236,16,
SB00070,13.76171196364903,100.619199529292,17,
SB00070,13.76154194022574,100.6183492083438,18,
SB00070,13.76155455941253,100.6176063326301,19,
SB00070,13.76147743453152,100.6166796957545,20,
SB00070,13.76110596222547,100.6153629259981,21,
SB00070,13.7604941449656,100.6143050128962,22,
SB00070,13.75988233649844,100.6137075569288,23,
SB00070,13.75881123654451,100.612561260632,24,
SB00070,13.75808765823317,100.6118782695041,25,
SB00070,13.75675909335566,100.6102449372697,26,
SB00070,13.7563711479156,100.6098011936551,27,
SB00070,13.75508873212052,100.6085171841948,28,
SB00070,13.75424847035817,100.6076166093945,29,
SB00070,13.75248528656474,100.6055978709471,30,
SB00070,13.74977040371204,100.6028144775497,31,
SB00070,13.7487035745787,100.6017520110059,32,
SB00070,13.74751021721757,100.6003993093091,33,
SB00070,13.74722037218168,100.6002132928869,34,
SB00070,13.74651139182136,100.599925424729,35,
SB00070,13.74538380234364,100.5996108776976,36,
SB00070,13.74416436030576,100.5991760624378,37,
SB00070,13.74300550367428,100.5986985542558,38,
SB00070,13.74250024782795,100.5985475173894,39,
SB00070,13.74195797761851,100.5982749019529,40,
SB00070,13.74121691943866,100.5980305636445,41,
SB00070,13.74103873401464,100.5977767926974,42,
SB00070,13.74111745327874,100.5965309494371,43,
SB00070,13.74121947931906,100.5958960439629,44,
SB00070,13.7413428783664,100.5953499427347,45,
SB00070,13.74152709757538,100.5941137678686,46,
SB00070,13.74205640675585,100.5914607825367,47,
SB00070,13.74268718072219,100.5884712702947,48,
SB00070,13.74316479356358,100.5858674497245,49,
SB00070,13.74363444310498,100.5836909270755,50,
SB00070,13.74415370639266,100.5814496817709,51,
SB00070,13.74477833890542,100.5789577887834,52,
SB00070,13.74529778106985,100.5765459493392,53,
SB00070,13.74567574473316,100.5746079194537,54,
SB00070,13.74570459046699,100.5741602850052,55,
SB00070,13.74592532948421,100.5734855053965,56,
SB00070,13.74688283304672,100.5680555407132,57,
SB00070,13.74732073136633,100.5658198169821,58,
SB00070,13.74761979950367,100.5647584859626,59,
SB00070,13.74785327356481,100.5629695752342,60,
SB00070,13.74789826594022,100.5623351386949,61,
SB00070,13.74807291124332,100.5616105465096,62,
SB00070,13.74826669181527,100.5605927092564,63,
SB00070,13.74836623293994,100.5591473089059,64,
SB00070,13.74835527337162,100.558030665686,65,
SB00070,13.74824148573118,100.5567296761143,66,
SB00070,13.74822578327517,100.5539941023678,67,
SB00070,13.74826570058247,100.551601402407,68,
SB00070,13.74830560103666,100.550280254311,69,
SB00070,13.74832148518361,100.5490637480377,70,
SB00070,13.74829061156205,100.5481771899048,71,
SB00070,13.74845727353943,100.5463357833037,72,
SB00070,13.74866895281993,100.5445750452616,73,
SB00070,13.74883611866079,100.5431281093077,74,
SB00070,13.74909619311589,100.5422366724986,75,
SB00070,13.74938383444329,100.5412880165104,76,
SB00071,13.76716362311845,100.6513746640326,76,
SB00071,13.76664287838585,100.6506645585295,75,
SB00071,13.76601180205471,100.6499385392073,74,
SB00071,13.76540846904006,100.6489085283352,73,
SB00071,13.7650436638344,100.6478217371703,72,
SB00071,13.76501259482505,100.6473723358569,71,
SB00071,13.76476273073553,100.6456698611279,70,
SB00071,13.76462846831013,100.6434328479867,69,
SB00071,13.76428746867308,100.641253269179,68,
SB00071,13.76403666308977,100.6390404991376,67,
SB00071,13.76385259453767,100.6370982313727,66,
SB00071,13.76350378403866,100.6347173624643,65,
SB00071,13.76343283495704,100.6335568001438,64,
SB00071,13.76271249463332,100.6276056388428,63,
SB00071,13.76217068165609,100.6236981159109,62,
SB00071,13.76207332987759,100.620974231236,61,
SB00071,13.76171196364903,100.619199529292,60,
SB00071,13.76154194022574,100.6183492083438,59,
SB00071,13.76155455941253,100.6176063326301,58,
SB00071,13.76147743453152,100.6166796957545,57,
SB00071,13.76110596222547,100.6153629259981,56,
SB00071,13.7604941449656,100.6143050128962,55,
SB00071,13.75988233649844,100.6137075569288,54,
SB00071,13.75881123654451,100.612561260632,53,
SB00071,13.75808765823317,100.6118782695041,52,
SB00071,13.75675909335566,100.6102449372697,51,
SB00071,13.7563711479156,100.6098011936551,50,
SB00071,13.75508873212052,100.6085171841948,49,
SB00071,13.75424847035817,100.6076166093945,48,
SB00071,13.75248528656474,100.6055978709471,47,
SB00071,13.74977040371204,100.6028144775497,46,
SB00071,13.7487035745787,100.6017520110059,45,
SB00071,13.74751021721757,100.6003993093091,44,
SB00071,13.74722037218168,100.6002132928869,43,
SB00071,13.74651139182136,100.599925424729,42,
SB00071,13.74538380234364,100.5996108776976,41,
SB00071,13.74416436030576,100.5991760624378,40,
SB00071,13.74300550367428,100.5986985542558,39,
SB00071,13.74250024782795,100.5985475173894,38,
SB00071,13.74195797761851,100.5982749019529,37,
SB00071,13.74121691943866,100.5980305636445,36,
SB00071,13.74103873401464,100.5977767926974,35,
SB00071,13.74111745327874,100.5965309494371,34,
SB00071,13.74121947931906,100.5958960439629,33,
SB00071,13.7413428783664,100.5953499427347,32,
SB00071,13.74152709757538,100.5941137678686,31,
SB00071,13.74205640675585,100.5914607825367,30,
SB00071,13.74268718072219,100.5884712702947,29,
SB00071,13.74316479356358,100.5858674497245,28,
SB00071,13.74363444310498,100.5836909270755,27,
SB00071,13.74415370639266,100.5814496817709,26,
SB00071,13.74477833890542,100.5789577887834,25,
SB00071,13.74529778106985,100.5765459493392,24,
SB00071,13.74567574473316,100.5746079194537,23,
SB00071,13.74570459046699,100.5741602850052,22,
SB00071,13.74592532948421,100.5734855053965,21,
SB00071,13.74688283304672,100.5680555407132,20,
SB00071,13.74732073136633,100.5658198169821,19,
SB00071,13.74761979950367,100.5647584859626,18,
SB00071,13.74785327356481,100.5629695752342,17,
SB00071,13.74789826594022,100.5623351386949,16,
SB00071,13.74807291124332,100.5616105465096,15,
SB00071,13.74826669181527,100.5605927092564,14,
SB00071,13.74836623293994,100.5591473089059,13,
SB00071,13.74835527337162,100.558030665686,12,
SB00071,13.74824148573118,100.5567296761143,11,
SB00071,13.74822578327517,100.5539941023678,10,
SB00071,13.74826570058247,100.551601402407,9,
SB00071,13.74830560103666,100.550280254311,8,
SB00071,13.74832148518361,100.5490637480377,7,
SB00071,13.74829061156205,100.5481771899048,6,
SB00071,13.74845727353943,100.5463357833037,5,
SB00071,13.74866895281993,100.5445750452616,4,
SB00071,13.74883611866079,100.5431281093077,3,
SB00071,13.74909619311589,100.5422366724986,2,
SB00071,13.74926165798669,100.5412629221377,1,
SB00080,13.74938383444329,100.5412880165104,1,
SB00080,13.74938429730594,100.5400139810539,2,
SB00080,13.74960151070997,100.5379350119655,3,
SB00080,13.74962142420287,100.5364757970899,4,
SB00080,13.74940716550552,100.5356759669531,5,
SB00080,13.74922565883743,100.5347914718644,6,
SB00080,13.74909475421754,100.5331863519431,7,
SB00080,13.74919476318003,100.5313813682336,8,
SB00080,13.7491822712846,100.5309004329732,9,
SB00080,13.74926465862608,100.5299635702931,10,
SB00080,13.74943136104952,100.5287940828502,11,
SB00080,13.74953091949287,100.5281306295929,12,
SB00080,13.7496044749416,100.5275675538966,13,
SB00080,13.74954552565142,100.526902224262,14,
SB00080,13.74929504238996,100.5257539473157,15,
SB00080,13.74922953101775,100.5254216594299,16,
SB00080,13.74928652095309,100.5250900589248,17,
SB00080,13.74954176079762,100.5247559396447,18,
SB00080,13.74971765320595,100.5245561912775,19,
SB00080,13.74982491652902,100.5243173574295,20,
SB00080,13.75020280992811,100.5237082756261,21,
SB00080,13.75108172162286,100.522132232206,22,
SB00080,13.75211013151634,100.5204484712526,23,
SB00080,13.75235100681905,100.5201265654825,24,
SB00080,13.75278061427155,100.5185617367942,25,
SB00080,13.75317076730869,100.5169150062036,26,
SB00080,13.75343310285865,100.5158662377661,27,
SB00080,13.75392620281357,100.5132546773382,28,
SB00080,13.75441918502161,100.5109154874218,29,
SB00080,13.75472307706779,100.5095907117297,30,
SB00080,13.75485653587482,100.5083845436788,31,
SB00080,13.75533481894561,100.5068580051806,32,
SB00080,13.75551368914178,100.5063466734755,33,
SB00081,13.74926165798669,100.5412629221377,33,
SB00081,13.74938429730594,100.5400139810539,32,
SB00081,13.74960151070997,100.5379350119655,31,
SB00081,13.74962142420287,100.5364757970899,30,
SB00081,13.74940716550552,100.5356759669531,29,
SB00081,13.74922565883743,100.5347914718644,28,
SB00081,13.74909475421754,100.5331863519431,27,
SB00081,13.74919476318003,100.5313813682336,26,
SB00081,13.7491822712846,100.5309004329732,25,
SB00081,13.74926465862608,100.5299635702931,24,
SB00081,13.74943136104952,100.5287940828502,23,
SB00081,13.74953091949287,100.5281306295929,22,
SB00081,13.7496044749416,100.5275675538966,21,
SB00081,13.74954552565142,100.526902224262,20,
SB00081,13.74929504238996,100.5257539473157,19,
SB00081,13.74922953101775,100.5254216594299,18,
SB00081,13.74928652095309,100.5250900589248,17,
SB00081,13.74954176079762,100.5247559396447,16,
SB00081,13.74971765320595,100.5245561912775,15,
SB00081,13.74982491652902,100.5243173574295,14,
SB00081,13.75020280992811,100.5237082756261,13,
SB00081,13.75108172162286,100.522132232206,12,
SB00081,13.75211013151634,100.5204484712526,11,
SB00081,13.75235100681905,100.5201265654825,10,
SB00081,13.75278061427155,100.5185617367942,9,
SB00081,13.75317076730869,100.5169150062036,8,
SB00081,13.75343310285865,100.5158662377661,7,
SB00081,13.75392620281357,100.5132546773382,6,
SB00081,13.75441918502161,100.5109154874218,5,
SB00081,13.75472307706779,100.5095907117297,4,
SB00081,13.75485653587482,100.5083845436788,3,
SB00081,13.75533481894561,100.5068580051806,2,
SB00081,13.75551368914178,100.5063466734755,1,
SB00090,13.69814762493184,100.7523571734377,1,
SB00090,13.71313605418508,100.7562892004907,2,
SB00090,13.71774145957973,100.7576087547474,3,
SB00090,13.71913312616596,100.758209468188,4,
SB00090,13.72122023039935,100.7591941255218,5,
SB00090,13.72268559308449,100.759837296302,6,
SB00090,13.72514154917321,100.7603690613689,7,
SB00090,13.72646285645403,100.7604098826776,8,
SB00090,13.72701362711307,100.7602978832678,9,
SB00090,13.72749261774752,100.7598850173344,10,
SB00090,13.72778323031009,100.7591654944501,11,
SB00090,13.72792628826872,100.7585213519775,12,
SB00090,13.72785406987252,100.7553151464535,13,
SB00090,13.72760419323086,100.7451686253384,14,
SB00090,13.7274976765182,100.738987705397,15,
SB00090,13.7285985078407,100.7289932856102,16,
SB00090,13.73087325439015,100.7083507949598,17,
SB00090,13.73282010893053,100.6901526703609,18,
SB00090,13.73535066959531,100.6672698411319,19,
SB00090,13.7366814660349,100.6552282852423,20,
SB00090,13.73807265912515,100.6442961255457,21,
SB00090,13.73913777850503,100.6337627881126,22,
SB00090,13.74019981844562,100.6243316473436,23,
SB00090,13.74247104939976,100.6036841133615,24,
SB00090,13.74386197006936,100.5918691524885,25,
SB00090,13.7455030555784,100.584377599977,26,
SB00090,13.74956560340361,100.5662721936385,27,
SB00090,13.75374152779536,100.5480372155721,28,
SB00090,13.75464769070086,100.5439364676179,29,
SB00090,13.7568983903891,100.5340973180333,30,
SB00091,13.69814762493184,100.7523571734377,30,
SB00091,13.71313605418508,100.7562892004907,29,
SB00091,13.71774145957973,100.7576087547474,28,
SB00091,13.71913312616596,100.758209468188,27,
SB00091,13.72122023039935,100.7591941255218,26,
SB00091,13.72268559308449,100.759837296302,25,
SB00091,13.72514154917321,100.7603690613689,24,
SB00091,13.72646285645403,100.7604098826776,23,
SB00091,13.72701362711307,100.7602978832678,22,
SB00091,13.72749261774752,100.7598850173344,21,
SB00091,13.72778323031009,100.7591654944501,20,
SB00091,13.72792628826872,100.7585213519775,19,
SB00091,13.72785406987252,100.7553151464535,18,
SB00091,13.72760419323086,100.7451686253384,17,
SB00091,13.7274976765182,100.738987705397,16,
SB00091,13.7285985078407,100.7289932856102,15,
SB00091,13.73087325439015,100.7083507949598,14,
SB00091,13.73282010893053,100.6901526703609,13,
SB00091,13.73535066959531,100.6672698411319,12,
SB00091,13.7366814660349,100.6552282852423,11,
SB00091,13.73807265912515,100.6442961255457,10,
SB00091,13.73913777850503,100.6337627881126,9,
SB00091,13.74019981844562,100.6243316473436,8,
SB00091,13.74247104939976,100.6036841133615,7,
SB00091,13.74386197006936,100.5918691524885,6,
SB00091,13.7455030555784,100.584377599977,5,
SB00091,13.74956560340361,100.5662721936385,4,
SB00091,13.75374152779536,100.5480372155721,3,
SB00091,13.75464769070086,100.5439364676179,2,
SB00091,13.7568983903891,100.5340973180333,1,
SB00100,13.69814762493184,100.7523571734377,1,
SB00100,13.71313605418508,100.7562892004907,2,
SB00100,13.71774145957973,100.7576087547474,3,
SB00100,13.71913312616596,100.758209468188,4,
SB00100,13.72122023039935,100.7591941255218,5,
SB00100,13.72268559308449,100.759837296302,6,
SB00100,13.72514154917321,100.7603690613689,7,
SB00100,13.72646285645403,100.7604098826776,8,
SB00100,13.72701362711307,100.7602978832678,9,
SB00100,13.72749261774752,100.7598850173344,10,
SB00100,13.72778323031009,100.7591654944501,11,
SB00100,13.72792628826872,100.7585213519775,12,
SB00100,13.72785406987252,100.7553151464535,13,
SB00100,13.72760419323086,100.7451686253384,14,
SB00100,13.7274976765182,100.738987705397,15,
SB00100,13.7285985078407,100.7289932856102,16,
SB00100,13.73087325439015,100.7083507949598,17,
SB00100,13.73282010893053,100.6901526703609,18,
SB00100,13.73535066959531,100.6672698411319,19,
SB00100,13.7366814660349,100.6552282852423,20,
SB00100,13.73807265912515,100.6442961255457,21,
SB00100,13.73913777850503,100.6337627881126,22,
SB00100,13.74019981844562,100.6243316473436,23,
SB00100,13.74247104939976,100.6036841133615,24,
SB00100,13.74386197006936,100.5918691524885,25,
SB00100,13.7455030555784,100.584377599977,26,
SB00100,13.74956560340361,100.5662721936385,27,
SB00100,13.7509929987308,100.5611012139919,28,
SB00101,13.69814762493184,100.7523571734377,28,
SB00101,13.71313605418508,100.7562892004907,27,
SB00101,13.71774145957973,100.7576087547474,26,
SB00101,13.71913312616596,100.758209468188,25,
SB00101,13.72122023039935,100.7591941255218,24,
SB00101,13.72268559308449,100.759837296302,23,
SB00101,13.72514154917321,100.7603690613689,22,
SB00101,13.72646285645403,100.7604098826776,21,
SB00101,13.72701362711307,100.7602978832678,20,
SB00101,13.72749261774752,100.7598850173344,19,
SB00101,13.72778323031009,100.7591654944501,18,
SB00101,13.72792628826872,100.7585213519775,17,
SB00101,13.72785406987252,100.7553151464535,16,
SB00101,13.72760419323086,100.7451686253384,15,
SB00101,13.7274976765182,100.738987705397,14,
SB00101,13.7285985078407,100.7289932856102,13,
SB00101,13.73087325439015,100.7083507949598,12,
SB00101,13.73282010893053,100.6901526703609,11,
SB00101,13.73535066959531,100.6672698411319,10,
SB00101,13.7366814660349,100.6552282852423,9,
SB00101,13.73807265912515,100.6442961255457,8,
SB00101,13.73913777850503,100.6337627881126,7,
SB00101,13.74019981844562,100.6243316473436,6,
SB00101,13.74247104939976,100.6036841133615,5,
SB00101,13.74386197006936,100.5918691524885,4,
SB00101,13.7455030555784,100.584377599977,3,
SB00101,13.74956560340361,100.5662721936385,2,
SB00101,13.7509929987308,100.5611012139919,1,
SB00110,13.69814762493184,100.7523571734377,1,
SB00110,13.71313605418508,100.7562892004907,2,
SB00110,13.71774145957973,100.7576087547474,3,
SB00110,13.71913312616596,100.758209468188,4,
SB00110,13.72122023039935,100.7591941255218,5,
SB00110,13.72268559308449,100.759837296302,6,
SB00110,13.72514154917321,100.7603690613689,7,
SB00110,13.72646285645403,100.7604098826776,8,
SB00110,13.72701362711307,100.7602978832678,9,
SB00110,13.72749261774752,100.7598850173344,10,
SB00110,13.72778323031009,100.7591654944501,11,
SB00110,13.72792628826872,100.7585213519775,12,
SB00110,13.72785406987252,100.7553151464535,13,
SB00110,13.72760419323086,100.7451686253384,14,
SB00110,13.7274976765182,100.738987705397,15,
SB00110,13.7285985078407,100.7289932856102,16,
SB00110,13.73087325439015,100.7083507949598,17,
SB00110,13.73282010893053,100.6901526703609,18,
SB00110,13.73535066959531,100.6672698411319,19,
SB00110,13.7366814660349,100.6552282852423,20,
SB00110,13.73807265912515,100.6442961255457,21,
SB00110,13.73913777850503,100.6337627881126,22,
SB00110,13.74019981844562,100.6243316473436,23,
SB00110,13.74247104939976,100.6036841133615,24,
SB00110,13.74386197006936,100.5918691524885,25,
SB00110,13.7455030555784,100.584377599977,26,
SB00110,13.74956560340361,100.5662721936385,27,
SB00110,13.75374152779536,100.5480372155721,28,
SB00110,13.75464769070086,100.5439364676179,29,
SB00110,13.7568983903891,100.5340973180333,30,
SB00111,13.69814762493184,100.7523571734377,30,
SB00111,13.71313605418508,100.7562892004907,29,
SB00111,13.71774145957973,100.7576087547474,28,
SB00111,13.71913312616596,100.758209468188,27,
SB00111,13.72122023039935,100.7591941255218,26,
SB00111,13.72268559308449,100.759837296302,25,
SB00111,13.72514154917321,100.7603690613689,24,
SB00111,13.72646285645403,100.7604098826776,23,
SB00111,13.72701362711307,100.7602978832678,22,
SB00111,13.72749261774752,100.7598850173344,21,
SB00111,13.72778323031009,100.7591654944501,20,
SB00111,13.72792628826872,100.7585213519775,19,
SB00111,13.72785406987252,100.7553151464535,18,
SB00111,13.72760419323086,100.7451686253384,17,
SB00111,13.7274976765182,100.738987705397,16,
SB00111,13.7285985078407,100.7289932856102,15,
SB00111,13.73087325439015,100.7083507949598,14,
SB00111,13.73282010893053,100.6901526703609,13,
SB00111,13.73535066959531,100.6672698411319,12,
SB00111,13.7366814660349,100.6552282852423,11,
SB00111,13.73807265912515,100.6442961255457,10,
SB00111,13.73913777850503,100.6337627881126,9,
SB00111,13.74019981844562,100.6243316473436,8,
SB00111,13.74247104939976,100.6036841133615,7,
SB00111,13.74386197006936,100.5918691524885,6,
SB00111,13.7455030555784,100.584377599977,5,
SB00111,13.74956560340361,100.5662721936385,4,
SB00111,13.75374152779536,100.5480372155721,3,
SB00111,13.75464769070086,100.5439364676179,2,
SB00111,13.7568983903891,100.5340973180333,1,
